date,time,lon,lat,elon,elat,HP-Tx,HP-Ty
2021-01-01,00:00:00,253.4507967601751,-9.592419888324185,0.0,0.0,-435.74536381219514,-118.02624251990727
2021-01-01,01:00:00,253.39448691912162,-9.684475550517632,0.0,0.0,-426.3984706182964,-118.8369840122651
2021-01-01,02:00:00,253.34641029563187,-9.421809013797676,0.0,0.0,-420.767305304762,-114.55080209705592
2021-01-01,03:00:00,253.31723996975757,-9.54679059697909,0.0,0.0,-411.1713777601253,-115.98827372109982
2021-01-01,04:00:00,253.3003411004341,-9.320716258023463,0.0,0.0,-405.0738727787975,-112.36333852663752
2021-01-01,05:00:00,253.31368810919176,-9.487679066810287,0.0,0.0,-395.0134407032747,-114.58950474969826
2021-01-01,06:00:00,253.338332648617,-9.662807229179384,0.0,0.0,-384.866708365269,-116.9618101440813
2021-01-01,07:00:00,253.38056291100415,-9.49809271219351,0.0,0.0,-378.0004509612918,-114.51902030595559
2021-01-01,08:00:00,253.4569366212005,-9.69086446326173,0.0,0.0,-367.62350443634205,-117.39634836859608
2021-01-01,10:00:00,169.03856698502008,31.785602777380127,0.0,0.0,nan,nan
2021-01-01,11:00:00,168.96486722665793,31.67790822034846,0.0,0.0,nan,nan
2021-01-01,12:00:00,168.98422076431066,31.645304263016698,0.0,0.0,nan,nan
2021-01-01,13:00:00,169.0133210273151,31.625919404610556,0.0,0.0,nan,nan
2021-01-01,14:00:00,168.8744996272042,31.503214181983616,0.0,0.0,nan,nan
2021-01-01,15:00:00,168.91262172415713,31.48932093486564,0.0,0.0,nan,nan
2021-01-01,16:00:00,168.95040747284835,31.473042931771268,0.0,0.0,nan,nan
2021-01-01,17:00:00,168.84276275739404,31.391584619428823,0.0,0.0,nan,nan
2021-01-01,18:00:00,168.8854249258066,31.38189154288513,0.0,0.0,nan,nan
2021-01-01,19:00:00,168.79954074154475,31.33279003316417,0.0,0.0,nan,nan
2021-01-01,20:00:00,168.84411184055006,31.323249921317167,0.0,0.0,nan,nan
2021-01-01,21:00:00,168.7700560731871,31.289949691243145,0.0,0.0,nan,nan
2021-01-01,22:00:00,168.80976444804816,31.27701673238654,0.0,0.0,nan,nan
2021-01-01,23:00:00,168.74195367235404,31.255930730156507,0.0,0.0,nan,nan
2021-01-02,00:00:00,168.77520470196058,31.239017970633206,0.0,0.0,nan,nan
2021-01-02,01:00:00,168.71265251702164,31.22764144980517,0.0,0.0,nan,nan
2021-01-02,02:00:00,168.73819929075177,31.206105308655108,0.0,0.0,nan,nan
2021-01-02,03:00:00,168.68049386697808,31.20267298102772,0.0,0.0,nan,nan
2021-01-02,04:00:00,168.69709648534197,31.17584159649338,0.0,0.0,nan,nan
2021-01-02,05:00:00,168.64411081736827,31.179279115425356,0.0,0.0,nan,nan
2021-01-02,06:00:00,168.6504788080647,31.14633918487294,0.0,0.0,nan,nan
2021-01-02,07:00:00,168.60211443370173,31.155852162079565,0.0,0.0,nan,nan
2021-01-02,08:00:00,168.5965761143885,31.11559206339005,0.0,0.0,nan,nan
2021-01-02,09:00:00,168.55285298839144,31.130661813035783,0.0,0.0,nan,nan
2021-01-02,10:00:00,168.53342643549286,31.08141042837775,0.0,0.0,nan,nan
2021-01-02,11:00:00,168.49356497760084,31.101832131136938,0.0,0.0,nan,nan
2021-01-02,12:00:00,168.4536689063719,31.121818000045785,0.0,0.0,nan,nan
2021-01-02,13:00:00,168.41828006731043,31.06843742926692,0.0,0.0,nan,nan
2021-01-02,14:00:00,168.38264520480436,31.093194060561814,0.0,0.0,nan,nan
2021-01-02,15:00:00,168.32715262864116,31.027286885541145,0.0,0.0,nan,nan
2021-01-02,16:00:00,168.2908154396041,31.05631543760663,0.0,0.0,nan,nan
2021-01-02,17:00:00,168.25372069386046,31.083649528669834,0.0,0.0,nan,nan
2021-01-02,18:00:00,168.1709065512138,31.00852630143435,0.0,0.0,nan,nan
2021-01-02,19:00:00,168.13864337021644,31.03937081943251,0.0,0.0,nan,nan
2021-01-02,20:00:00,168.11016502920248,31.06697483603456,0.0,0.0,-836.3151453514583,505.15792996495753
2021-01-02,21:00:00,168.00717079892027,30.977088043706686,0.0,0.0,-842.3151251000818,507.5191273284574
2021-01-02,22:00:00,167.9867319088228,31.00790363347093,0.0,0.0,-839.0789765538648,506.85582592753985
2021-01-02,23:00:00,167.97098601569002,31.035464385137512,0.0,0.0,-835.9178299964406,506.2155505132757
2021-01-03,00:00:00,167.8369198043746,30.926924943102605,0.0,0.0,-842.1250725474674,508.40032438939335
2021-01-03,01:00:00,167.82029454762602,30.955964250614493,0.0,0.0,-839.0947096259333,507.9534756836495
2021-01-03,02:00:00,167.8010636512453,30.981105367890102,0.0,0.0,-836.2025692691095,507.54577591137985
2021-01-03,03:00:00,167.77955982593048,31.001487308109244,0.0,0.0,-833.4426292513963,507.1574628618141
2021-01-03,04:00:00,167.5448975481457,30.867230959880974,0.0,0.0,-839.9935560922604,509.0119085855175
2021-01-03,05:00:00,167.50950026732565,30.886624377289372,0.0,0.0,-837.4395196668338,508.782528865039
2021-01-03,06:00:00,167.46971495129532,30.90189002224009,0.0,0.0,-835.0348415030167,508.5898508452865
2021-01-03,07:00:00,167.42147353846116,30.913212356830485,0.0,0.0,-832.8247305389959,508.45699837128905
2021-01-03,08:00:00,167.33813678468968,30.913640986068376,0.0,0.0,-831.0506238986272,508.33747463454773
2021-01-03,09:00:00,167.20129591491514,30.9032280888905,0.0,0.0,-829.720498229377,508.1923333315672
2021-01-03,10:00:00,166.94320095504997,30.88675216801766,0.0,0.0,-828.8087239030283,507.9434206549222
2021-01-03,11:00:00,163.91108983990168,29.941193742782637,0.0,0.0,-841.5275004827417,491.98749233288345
2021-01-03,12:00:00,163.58312932145367,29.61950266281222,0.0,0.0,-848.1090550457593,489.890400331386
2021-01-03,13:00:00,163.11157486228416,29.34974265965606,0.0,0.0,-849.2856768528,485.41467672455184
2021-01-03,14:00:00,162.73589883949134,29.152333492953574,0.0,0.0,-849.2646398076322,481.86271496567844
2021-01-03,15:00:00,162.40244516228142,29.029903999792445,0.0,0.0,-848.3278740420938,479.3499562470935
2021-01-03,16:00:00,162.47584544927497,29.067935743839538,0.0,0.0,-851.4346311909612,483.05323984740124
2021-01-03,17:00:00,162.1913506089353,28.992931332090787,0.0,0.0,-849.9178786443081,481.2597419627876
2021-01-03,18:00:00,161.92385140211064,28.93433585438122,0.0,0.0,-848.1848579549696,479.7134696277043
2021-01-03,19:00:00,161.66976191158352,28.899219723103712,0.0,0.0,-846.1860296973027,478.51622413174454
2021-01-03,20:00:00,161.78561193164467,28.919694327943393,0.0,0.0,-849.4888871251605,482.21940045072097
2021-01-03,21:00:00,161.55330062765992,28.898945130420213,0.0,0.0,-847.2891491313931,481.2771032371968
2021-01-03,22:00:00,161.33218200601803,28.890675441932277,0.0,0.0,-844.9534559545573,480.5405091242132
2021-01-03,23:00:00,161.11692504491185,28.88783814101501,0.0,0.0,-842.5998877880629,479.9271599899361
2021-01-04,00:00:00,161.25485856889082,28.878572663206114,0.0,0.0,-846.1027790878434,483.40111230737926
2021-01-04,01:00:00,161.0554925095421,28.878664442868608,0.0,0.0,-843.6609971122816,482.8849653521915
2021-01-04,02:00:00,160.86792969326285,28.88514852824314,0.0,0.0,-841.1084318817593,482.47551461252954
2021-01-04,03:00:00,160.70545069579117,28.899825181343026,0.0,0.0,-838.2621582131833,482.1381141901979
2021-01-04,04:00:00,160.82907082998153,28.862560593385783,0.0,0.0,-842.265932395123,485.5281210836473
2021-01-04,05:00:00,160.67864507017106,28.87840874186759,0.0,0.0,-839.3867471497506,485.29174291801917
2021-01-04,06:00:00,160.54371708303995,28.89778233688551,0.0,0.0,-836.3996822203044,485.1245818465125
2021-01-04,07:00:00,160.42374651347404,28.9194135455557,0.0,0.0,-833.3245760817081,485.01384216113473
2021-01-04,08:00:00,160.31581389079054,28.94195982728901,0.0,0.0,-830.2060699581634,484.9529135413554
2021-01-04,09:00:00,160.21472519716386,28.96410304511611,0.0,0.0,-827.0981347290799,484.9340116484857
2021-01-04,10:00:00,160.28450330656398,28.9019854011582,0.0,0.0,-831.9108163111378,488.4899882428085
2021-01-04,11:00:00,160.18112587280086,28.924401452668874,0.0,0.0,-828.8934756391682,488.60182240166637
2021-01-04,12:00:00,160.08220164004183,28.94657651022654,0.0,0.0,-825.8936691056006,488.7584427981975
2021-01-04,13:00:00,159.98628428321393,28.967542863006997,0.0,0.0,-822.9217454593163,488.94337035694565
2021-01-04,14:00:00,159.90192168677933,28.988792177552554,0.0,0.0,-819.9121024645865,489.1772420331263
2021-01-04,15:00:00,159.8319143429796,29.010333452514608,0.0,0.0,-816.8602112352382,489.46987928945765
2021-01-04,16:00:00,159.76965221635652,29.031688668169352,0.0,0.0,-813.8213375690393,489.8244392599445
2021-01-04,17:00:00,159.71126314399203,29.052288496795192,0.0,0.0,-810.8265856765211,490.2364459830169
2021-01-04,18:00:00,159.65680939665225,29.071812201011443,0.0,0.0,-807.8798508299515,490.7038069698697
2021-01-04,19:00:00,159.6067483186785,29.08997385675633,0.0,0.0,-804.9806695291772,491.22409939814906
2021-01-04,20:00:00,159.48340448707245,29.006611793572063,0.0,0.0,-811.210013135802,495.0866136427061
2021-01-04,21:00:00,159.41237365642252,29.025193159799077,0.0,0.0,-808.4546472039074,495.70856291229865
2021-01-04,22:00:00,159.34296515242394,29.04264067549514,0.0,0.0,-805.7428181904834,496.37472188497134
2021-01-04,23:00:00,159.25910228012995,29.05776200209819,0.0,0.0,-803.1763626772445,497.05773671691725
2021-01-05,00:00:00,159.33985349343172,29.168021050531596,0.0,0.0,-791.5837813646067,494.7194856676373
2021-01-05,01:00:00,159.23756627634774,29.184037147485792,0.0,0.0,-789.2932995243464,495.5655017020497
2021-01-05,02:00:00,159.10662130537057,29.202011589868466,0.0,0.0,-787.0378361528274,496.3748473696764
2021-01-05,03:00:00,158.94348613552438,29.222121501334115,0.0,0.0,-784.7280707247555,497.0722033278499
2021-01-05,04:00:00,158.77490966375407,29.243515360440558,0.0,0.0,-782.3986394007225,497.77927857460196
2021-01-05,05:00:00,158.60953030663518,29.266012073855673,0.0,0.0,-780.0814658496529,498.5523582442589
2021-01-05,06:00:00,158.42047019083907,29.285330450155232,0.0,0.0,-777.896717093885,499.25782537373857
2021-01-05,07:00:00,158.20353048857575,29.298038085921622,0.0,0.0,-775.8419130642433,499.80292378316057
2021-01-05,08:00:00,157.95159134653014,29.287618386182206,0.0,0.0,-773.9551767425146,499.85028915695744
2021-01-05,09:00:00,157.6863294326151,29.259200772164352,0.0,0.0,-772.3298575596418,499.66289282274965
2021-01-05,10:00:00,157.42180632753244,29.227682634821655,0.0,0.0,-771.027141654864,499.6406735501316
2021-01-05,11:00:00,157.1799304648623,29.194806090641947,0.0,0.0,-769.9271195714828,499.85152069242446
2021-01-05,12:00:00,156.98448775665605,29.165498364699875,0.0,0.0,-768.7311228243634,500.32392158437455
2021-01-05,13:00:00,156.8866557543143,29.142805668720886,0.0,0.0,-766.8220557307359,500.9904297622158
2021-01-05,14:00:00,156.8622103670153,29.132905166563848,0.0,0.0,-764.4240051133092,502.01251279151205
2021-01-05,15:00:00,156.84699912362072,29.132358756480542,0.0,0.0,-762.0263734990731,503.31795290492647
2021-01-05,16:00:00,156.83846398497155,29.139473552821347,0.0,0.0,-759.6683880235069,504.8902432885746
2021-01-05,17:00:00,156.77400937620823,29.205422080634673,0.0,0.0,-749.9348907230888,502.4212409619356
2021-01-05,18:00:00,156.78394223167413,29.22779047805503,0.0,0.0,-747.6598509952892,504.531399843878
2021-01-05,19:00:00,156.79602655330967,29.266021248625172,0.0,0.0,-745.4480628243182,507.0736289553083
2021-01-05,20:00:00,156.78502523933926,29.320845130538512,0.0,0.0,-736.0982190675568,504.9767799946128
2021-01-05,21:00:00,156.80059445339106,29.39120682493398,0.0,0.0,-734.0501562363934,508.38158268127904
2021-01-05,22:00:00,156.8072058072491,29.493041049572252,0.0,0.0,-732.097433521878,512.4975861830941
2021-01-05,23:00:00,156.84293029431922,29.542852698226845,0.0,0.0,-723.3559316350147,511.0597552078163
2021-01-06,00:00:00,156.84027565319047,29.706140461986237,0.0,0.0,-721.6377253881656,516.6192984820404
2021-01-06,01:00:00,156.88758931692396,29.775787735954566,0.0,0.0,-713.5419260067865,516.1453930595376
2021-01-06,02:00:00,156.9321681407287,29.873252062113107,0.0,0.0,-705.83773375093,516.4929752088283
2021-01-06,03:00:00,156.80782757227914,30.30973199053285,0.0,0.0,-703.7171436715871,526.5246541020045
2021-01-06,04:00:00,156.7625402711638,30.611552516022215,0.0,0.0,-695.9693987700157,530.2886264672782
2021-01-06,05:00:00,156.51511587451054,31.152363669887055,0.0,0.0,-687.5059444024228,536.7607912634256
2021-01-06,06:00:00,155.4299966406302,32.109266852866995,0.0,0.0,-686.8765472702216,551.5850016279221
2021-01-06,07:00:00,154.31705264914982,33.076633529319125,0.0,0.0,-682.4952259736601,563.5432409278475
2021-01-06,08:00:00,152.58890232934783,35.11989013891706,0.0,0.0,-676.0462261128705,591.5897737312064
2021-01-06,09:00:00,150.71814647099185,62.23284206732784,0.0,0.0,-388.93995232274756,878.7740855516352
2021-01-06,10:00:00,150.90394527559602,62.61715400537469,0.0,0.0,-382.1522307218984,884.7442485788318
2021-01-06,11:00:00,150.8128518818049,62.89259816366309,0.0,0.0,-377.2577203246765,888.3017293192135
2021-01-06,12:00:00,150.71623869909,63.43476753056888,0.0,0.0,-366.8249914853368,888.6208664801708
2021-01-06,13:00:00,150.67571203130188,63.959298079071466,0.0,0.0,-357.68537345784716,891.7317650752722
2021-01-06,14:00:00,150.54492672030648,64.50960591261794,0.0,0.0,-349.4435156711843,896.9954681160427
2021-01-06,15:00:00,150.18739901058242,65.17993087378755,0.0,0.0,-340.6699642979074,903.1431640254232
2021-01-06,16:00:00,149.63004836738244,65.92093054912502,0.0,0.0,-331.69326996570453,909.4688326377637
2021-01-06,17:00:00,148.85180686772028,66.60769964541562,0.0,0.0,-323.73196144774556,913.9791188723675
2021-01-06,18:00:00,147.86461285626035,67.2695401235505,0.0,0.0,-316.5874248286709,917.6359804407804
2021-01-06,19:00:00,146.48435427085644,68.05360135290668,0.0,0.0,-308.41307323565707,919.8972496384894
2021-01-06,20:00:00,144.27283345115197,68.16530478580464,0.0,0.0,-313.7852105333004,923.7682818919337
2021-01-06,21:00:00,142.1799443600736,68.48771602098572,0.0,0.0,-313.7958959869575,923.7164614523889
2021-01-06,22:00:00,140.087847094445,68.45079899701331,0.0,0.0,-319.1774676304776,923.5520072648717
2021-01-06,23:00:00,137.97807651815194,68.2323904063424,0.0,0.0,-327.1592202242464,922.7696360578576
2021-01-07,00:00:00,136.24258118938556,68.53663245257877,0.0,0.0,-323.35109441541135,916.4891417817029
2021-01-07,01:00:00,133.73870469209643,68.34360422075919,0.0,0.0,-332.7762810443528,919.12653275327
2021-01-07,02:00:00,131.24141911270462,68.26045481709517,0.0,0.0,-338.19059468316846,916.6107165643283
2021-01-07,03:00:00,129.6091507193464,68.19183870029138,0.0,0.0,-341.0044707551133,914.0864158147913
2021-01-07,04:00:00,128.57377433936946,68.07034958788527,0.0,0.0,-345.2803017629776,916.9256101351962
2021-01-07,05:00:00,127.18220076938104,68.14910913844923,0.0,0.0,-345.5110548448283,916.1119991859431
2021-01-07,06:00:00,125.47279333333374,68.15504344919015,0.0,0.0,-348.47901202877983,917.6459543332148
2021-01-07,07:00:00,123.53692732779085,68.32911630874415,0.0,0.0,-346.40849465178326,912.8946788744694
2021-01-07,08:00:00,121.26205718921211,68.10266505707388,0.0,0.0,-354.35381914512254,914.9256215462462
2021-01-07,09:00:00,119.21648012902227,68.20084674884927,0.0,0.0,-354.20193328754976,912.5651949543447
2021-01-07,10:00:00,116.65611063869193,68.48081617738781,0.0,0.0,-352.2803881042637,912.8731163190542
2021-01-07,11:00:00,112.69040043164037,68.47107181345542,0.0,0.0,nan,nan
2021-01-07,12:00:00,109.86757200694349,68.08546595253458,0.0,0.0,nan,nan
2021-01-07,13:00:00,106.43156295378532,68.2418135484649,0.0,0.0,nan,nan
2021-01-07,14:00:00,100.63806849129489,67.13166981237978,0.0,0.0,nan,nan
2021-01-07,15:00:00,99.41089250664805,65.41976155597119,0.0,0.0,nan,nan
2021-01-07,16:00:00,98.51436774950511,64.33370108515759,0.0,0.0,nan,nan
2021-01-07,17:00:00,97.05079523078348,63.21884076772486,0.0,0.0,nan,nan
2021-01-07,18:00:00,95.52896532243992,61.875897908929275,0.0,0.0,nan,nan
2021-01-07,19:00:00,94.12085933194228,60.83557436567333,0.0,0.0,nan,nan
2021-01-07,20:00:00,92.2533983898066,59.557927119190914,0.0,0.0,nan,nan
2021-01-07,21:00:00,90.75169318753849,58.03874064602855,0.0,0.0,nan,nan
2021-01-07,22:00:00,89.94705033682888,56.21014592351151,0.0,0.0,nan,nan
2021-01-07,23:00:00,88.21404776036937,54.90028565222318,0.0,0.0,nan,nan
2021-01-08,00:00:00,87.15186108707155,54.02761072110538,0.0,0.0,nan,nan
2021-01-08,01:00:00,86.61126686233033,52.98269201409925,0.0,0.0,nan,nan
2021-01-08,02:00:00,85.83421355988759,52.07212089633073,0.0,0.0,nan,nan
2021-01-08,03:00:00,83.85699654780882,47.47044653284154,0.0,0.0,nan,nan
2021-01-08,04:00:00,84.89521966158735,45.75753765542109,0.0,0.0,nan,nan
2021-01-08,05:00:00,85.2938017440964,44.58457610828141,0.0,0.0,nan,nan
2021-01-08,06:00:00,85.24509262159313,43.64264289987192,0.0,0.0,nan,nan
2021-01-08,07:00:00,84.65120146915666,42.117348845041555,0.0,0.0,nan,nan
2021-01-08,08:00:00,83.86333332910522,40.60845164240216,0.0,0.0,nan,nan
2021-01-08,09:00:00,83.57566642735287,40.12699921572751,0.0,0.0,nan,nan
2021-01-08,10:00:00,83.35007628258964,39.732197709201316,0.0,0.0,nan,nan
2021-01-08,11:00:00,83.15778250382638,39.36900065540556,0.0,0.0,nan,nan
2021-01-08,12:00:00,82.96635231370936,38.99671257872623,0.0,0.0,nan,nan
2021-01-08,13:00:00,82.78272844029863,38.61232046895599,0.0,0.0,nan,nan
2021-01-08,14:00:00,82.44028019415984,38.39604802044523,0.0,0.0,nan,nan
2021-01-08,15:00:00,82.21758317246602,37.94983932570548,0.0,0.0,nan,nan
2021-01-08,16:00:00,81.96364026337429,37.328815280200274,0.0,0.0,nan,nan
2021-01-08,17:00:00,81.32160601913714,36.940973774840316,0.0,0.0,nan,nan
2021-01-08,18:00:00,77.88014149943234,34.54925770849364,0.0,0.0,nan,nan
2021-01-08,19:00:00,78.83649509603605,34.43860002233113,0.0,0.0,nan,nan
2021-01-08,20:00:00,78.82327140130872,34.017858441429695,0.0,0.0,nan,nan
2021-01-08,21:00:00,78.84104401973892,33.70738043895595,0.0,0.0,nan,nan
2021-01-08,22:00:00,78.88481529702408,33.47307196849871,0.0,0.0,nan,nan
2021-01-08,23:00:00,78.9389303340952,33.2965075626415,0.0,0.0,nan,nan
2021-01-09,00:00:00,78.99221164354141,33.15532175640622,0.0,0.0,nan,nan
2021-01-09,01:00:00,79.04567691951334,33.06050582629484,0.0,0.0,nan,nan
2021-01-09,02:00:00,78.74093084230086,32.75465237574958,0.0,0.0,nan,nan
2021-01-09,03:00:00,78.79479118826428,32.706248368575054,0.0,0.0,nan,nan
2021-01-09,04:00:00,78.84613593513293,32.668959064583376,0.0,0.0,nan,nan
2021-01-09,05:00:00,78.57599551109993,32.50103787814532,0.0,0.0,nan,nan
2021-01-09,06:00:00,78.62237144368258,32.478780991605916,0.0,0.0,nan,nan
2021-01-09,07:00:00,78.38650187582027,32.34708244465715,0.0,0.0,nan,nan
2021-01-09,08:00:00,78.42378108911738,32.32236589312478,0.0,0.0,nan,nan
2021-01-09,09:00:00,78.21129869605474,32.22352250467837,0.0,0.0,nan,nan
2021-01-09,10:00:00,78.22626363307137,32.2021466270584,0.0,0.0,nan,nan
2021-01-09,11:00:00,78.01235978252767,32.14796708141956,0.0,0.0,nan,nan
2021-01-09,12:00:00,78.00530113783068,32.11638397200556,0.0,0.0,nan,nan
2021-01-09,13:00:00,77.78684907849448,32.08398365033197,0.0,0.0,nan,nan
2021-01-09,14:00:00,77.5705033148035,32.069114743654474,0.0,0.0,nan,nan
2021-01-09,15:00:00,77.54105142179993,32.00274107701019,0.0,0.0,nan,nan
2021-01-09,16:00:00,77.31736331306709,31.996240247795477,0.0,0.0,nan,nan
2021-01-09,17:00:00,77.09823678949645,31.99792543089216,0.0,0.0,nan,nan
2021-01-09,18:00:00,76.88435063138525,32.00760974163983,0.0,0.0,nan,nan
2021-01-09,19:00:00,76.82717409338223,31.883708160752633,0.0,0.0,nan,nan
2021-01-09,20:00:00,76.60855358553312,31.89106090936417,0.0,0.0,-831.4122074623592,519.5646215781256
2021-01-09,21:00:00,76.39389109323383,31.904670327854667,0.0,0.0,-829.185819462873,518.9443278562497
2021-01-09,22:00:00,76.185318220052,31.924476013666222,0.0,0.0,-826.967371530598,518.4772874632237
2021-01-09,23:00:00,76.07404086611807,31.72668860913339,0.0,0.0,-834.3931993362494,519.8529756415294
2021-01-10,00:00:00,75.83723721160862,31.72537127255571,0.0,0.0,-832.4642570358701,519.1479279043008
2021-01-10,01:00:00,75.56406324248157,31.70704081486435,0.0,0.0,-830.8623271123506,518.2565079434771
2021-01-10,02:00:00,75.25912966047719,31.675402764378724,0.0,0.0,-829.5949537570123,517.2632673383694
2021-01-10,03:00:00,74.93171759604186,31.63086296364701,0.0,0.0,-828.6680518737994,516.1944660369589
2021-01-10,04:00:00,74.90670922589288,31.428828655570143,0.0,0.0,-835.6519070798531,517.4617238023158
2021-01-10,05:00:00,74.63853830750097,31.393164103124242,0.0,0.0,-834.2388481665403,516.4153545600818
2021-01-10,06:00:00,74.3853315533268,31.35532281496723,0.0,0.0,-832.7418013762217,515.3170698925134
2021-01-10,07:00:00,74.14419910819612,31.318329903996233,0.0,0.0,-831.1714500216767,514.2301650198756
2021-01-10,08:00:00,73.91319394494653,31.2834452690724,0.0,0.0,-829.5332737925928,513.1805507135883
2021-01-10,09:00:00,73.93026613510753,31.110034163554356,0.0,0.0,-836.0034680380486,514.9259198870848
2021-01-10,10:00:00,73.71728537006214,31.090262112787492,0.0,0.0,-834.1582178969402,514.1418501418702
2021-01-10,11:00:00,73.52115938923265,31.075013062764846,0.0,0.0,-832.1955214811023,513.4313721674079
2021-01-10,12:00:00,73.33878323543455,31.06234807581135,0.0,0.0,-830.1570250601508,512.7762406077658
2021-01-10,13:00:00,73.16707079676137,31.051045555924087,0.0,0.0,-828.0761594015639,512.1672151482906
2021-01-10,14:00:00,73.00480263489997,31.04050927773048,0.0,0.0,-825.9687785319984,511.6008034229424
2021-01-10,15:00:00,72.94341904878482,30.821985045560897,0.0,0.0,-833.1899191120174,512.9428973032249
2021-01-10,16:00:00,72.77055472469915,30.8146316026442,0.0,0.0,-831.1430081333965,512.514026016695
2021-01-10,17:00:00,72.60620097674808,30.8098683154812,0.0,0.0,-829.0681280866265,512.1623597046847
2021-01-10,18:00:00,72.45024667216919,30.805459547234445,0.0,0.0,-826.9782293229364,511.85238695515966
2021-01-10,19:00:00,72.30219036416536,30.800577465415262,0.0,0.0,-824.8827873223927,511.57359909012615
2021-01-10,20:00:00,72.16179410509399,30.7945210117367,0.0,0.0,-822.7897279448807,511.31783785255993
2021-01-10,21:00:00,72.03226162343728,30.786979628187215,0.0,0.0,-820.6884457939304,511.08327999627244
2021-01-10,22:00:00,71.82030146527588,30.50029230353085,0.0,0.0,-828.696202805033,511.36648503750894
2021-01-10,23:00:00,71.63440605699431,30.49497782399341,0.0,0.0,-826.786179272458,511.18767400314806
2021-01-11,00:00:00,71.44687198351957,30.49010702187807,0.0,0.0,-824.8923802161589,511.0415980527547
2021-01-11,01:00:00,71.26008948342077,30.485578956205458,0.0,0.0,-823.0026073125191,510.92601121267114
2021-01-11,02:00:00,71.07401804201707,30.482083063378155,0.0,0.0,-821.1140073100105,510.85281619661805
2021-01-11,03:00:00,70.89512334724725,30.476944058867037,0.0,0.0,-819.205929358257,510.7774841077036
2021-01-11,04:00:00,70.71754121691693,30.467991403273043,0.0,0.0,-817.3153317659162,510.66189628102876
2021-01-11,05:00:00,70.54069519935825,30.4597479364598,0.0,0.0,-815.4452525707893,510.59591186835604
2021-01-11,06:00:00,70.3643528635324,30.451077113870642,0.0,0.0,-813.592786049936,510.5546771118919
2021-01-11,07:00:00,70.18848668101984,30.441536935080773,0.0,0.0,-811.7575898715295,510.52938224879443
2021-01-11,08:00:00,70.00567700160417,30.428040971370578,0.0,0.0,-809.960248117568,510.4457802060029
2021-01-11,09:00:00,69.79727439683643,30.407456653455196,0.0,0.0,-808.2586508663371,510.2099222544981
2021-01-11,10:00:00,69.50174142712864,29.89725235126802,0.0,0.0,-816.3430562547874,506.1481070376431
2021-01-11,11:00:00,69.28031236469607,29.850708110038124,0.0,0.0,-814.625243806513,505.3902145219657
2021-01-11,12:00:00,69.05440900538301,29.798745197772217,0.0,0.0,-812.9347761254758,504.54304429238647
2021-01-11,13:00:00,68.79734481694835,29.73472422376396,0.0,0.0,-811.4379408999812,503.47737472245973
2021-01-11,14:00:00,68.51637508686676,29.653287056085624,0.0,0.0,-810.2142407936044,502.1622917901463
2021-01-11,15:00:00,68.23694370973821,29.55722451125167,0.0,0.0,-809.127719322918,500.66548640076246
2021-01-11,16:00:00,67.9689996866794,29.450129090042598,0.0,0.0,-808.0716736349277,499.0314368922275
2021-01-11,17:00:00,67.72497830801733,29.347618354915248,0.0,0.0,-806.8311866899021,497.4838267115465
2021-01-11,18:00:00,67.81965103817869,28.94315870277804,0.0,0.0,-811.8021618577186,495.2369385146407
2021-01-11,19:00:00,67.62728407658207,28.870252738829937,0.0,0.0,-809.898704641033,494.1292117679398
2021-01-11,20:00:00,67.44826392445067,28.80002178482532,0.0,0.0,-807.8578591588885,493.06649469893676
2021-01-11,21:00:00,67.28190962716272,28.73156823316694,0.0,0.0,-805.6873557257932,492.0349452842107
2021-01-11,22:00:00,67.1243316156443,28.66471083269771,0.0,0.0,-803.4303587353788,491.042532844405
2021-01-11,23:00:00,66.97581030048728,28.599229990916367,0.0,0.0,-801.0761975378264,490.0809088056652
2021-01-12,00:00:00,66.84313266472655,28.538812112601896,0.0,0.0,-798.5244640070014,489.19120705410245
2021-01-12,01:00:00,66.97154223414918,28.167339190364164,0.0,0.0,-802.8827913659625,487.6913813451687
2021-01-12,02:00:00,66.8507771318312,28.10864000919748,0.0,0.0,-800.1539362526964,486.86585612424597
2021-01-12,03:00:00,66.74273076125723,28.053527862251418,0.0,0.0,-797.2816488372628,486.1090855858494
2021-01-12,04:00:00,66.64549752357351,27.99992796486515,0.0,0.0,-794.2940696715377,485.3909120084797
2021-01-12,05:00:00,66.5534477783205,27.937872068156437,0.0,0.0,-791.2501189685427,484.5294925048533
2021-01-12,06:00:00,66.46830426211831,27.871587779388435,0.0,0.0,-788.1362850761507,483.60811043399553
2021-01-12,07:00:00,66.38843297274481,27.799207072162268,0.0,0.0,-784.9763308435213,482.5989125115239
2021-01-12,08:00:00,66.31145962103113,27.716038288043315,0.0,0.0,-781.7977150925435,481.418203762552
2021-01-12,09:00:00,66.23815563437645,27.624699205303056,0.0,0.0,-778.6112616250757,480.1284240795259
2021-01-12,10:00:00,66.27129330711298,27.308456390923997,0.0,0.0,-783.4940180173144,480.06372752876956
2021-01-12,11:00:00,66.19601876791091,27.248970795750406,0.0,0.0,-780.2218402626459,479.4170991983535
2021-01-12,12:00:00,66.12230351722657,27.186773880612126,0.0,0.0,-776.9322132160887,478.7487762662297
2021-01-12,13:00:00,66.05057057291228,27.129151279724034,0.0,0.0,-773.596208390547,478.1838924857663
2021-01-12,14:00:00,65.98055388807794,27.075410039800484,0.0,0.0,-770.2110950923525,477.7060465267056
2021-01-12,15:00:00,65.91311876214455,27.027918059615835,0.0,0.0,-766.7564297022764,477.3529186261291
2021-01-12,16:00:00,65.85014363266403,26.98718303055757,0.0,0.0,-763.2197862833273,477.1372639439383
2021-01-12,17:00:00,65.79504049419658,26.95793823590259,0.0,0.0,-759.5881365567911,477.1619671393301
2021-01-12,18:00:00,65.74239681961693,26.93091972969292,0.0,0.0,-755.9086716026068,477.248642932314
2021-01-12,19:00:00,65.69121825476071,26.906517801219426,0.0,0.0,-752.1791658904403,477.39796296896503
2021-01-12,20:00:00,65.6411057535987,26.882694215747183,0.0,0.0,-748.4097700999118,477.57515485718045
2021-01-12,21:00:00,65.59188142549046,26.858622737577143,0.0,0.0,-744.6032379937824,477.76533205511697
2021-01-12,22:00:00,65.54360904856487,26.836768079521963,0.0,0.0,-740.7483614210505,478.00918732910515
2021-01-12,23:00:00,65.49613926798308,26.816388963751997,0.0,0.0,-736.8515220724512,478.2958773464244
2021-01-13,00:00:00,65.44906566624645,26.796276469298625,0.0,0.0,-732.9185780000407,478.6036446330572
2021-01-13,01:00:00,65.40237895033395,26.778075937493913,0.0,0.0,-728.9416911350563,478.9589943503143
2021-01-13,02:00:00,65.35603712881652,26.762528351474362,0.0,0.0,-724.9220972892363,479.3767645008194
2021-01-13,03:00:00,65.30999333264445,26.748473846546663,0.0,0.0,-720.8632348228712,479.8368047984453
2021-01-13,04:00:00,65.26419440658827,26.736263556761152,0.0,0.0,-716.7608556053601,480.3427911033802
2021-01-13,05:00:00,65.21841535569587,26.726044838033093,0.0,0.0,-712.6169180027209,480.89739146517985
2021-01-13,06:00:00,65.17246698458594,26.717308306601243,0.0,0.0,-708.4341655012686,481.4914091406781
2021-01-13,07:00:00,65.12614882139856,26.71074470884443,0.0,0.0,-704.2101754611358,482.1350346367338
2021-01-13,08:00:00,65.07927348978652,26.707507660940266,0.0,0.0,-699.9431989393197,482.8478005615463
2021-01-13,09:00:00,65.0317403692146,26.70778992328997,0.0,0.0,-695.633049675962,483.6324364919497
2021-01-13,10:00:00,64.9835650658066,26.711223199894352,0.0,0.0,-691.2778846940491,484.48057368453493
2021-01-13,11:00:00,65.04119959164959,26.766910848546328,0.0,0.0,-678.8676035818644,481.485247647072
2021-01-13,12:00:00,65.0006703132898,26.780761854504576,0.0,0.0,-674.344617783092,482.51909914272056
2021-01-13,13:00:00,64.95990495362815,26.793875581679107,0.0,0.0,-669.7772866948508,483.5456674585307
2021-01-13,14:00:00,64.91841071750413,26.807298928316182,0.0,0.0,-665.1696950483602,484.58381374990023
2021-01-13,15:00:00,64.87606108910637,26.820846606414058,0.0,0.0,-660.5235952141229,485.630034816573
2021-01-13,16:00:00,64.83306899781766,26.83399958451697,0.0,0.0,-655.8379614190198,486.6751872854463
2021-01-13,17:00:00,64.7892374441472,26.84693120813813,0.0,0.0,-651.1132133738138,487.72102733978124
2021-01-13,18:00:00,64.74441694797154,26.859800702839433,0.0,0.0,-646.3493777979165,488.7690581642189
2021-01-13,19:00:00,64.69892703438745,26.87148204208017,0.0,0.0,-641.5459253583103,489.79975006683253
2021-01-13,20:00:00,64.65347725789263,26.880362259709266,0.0,0.0,-636.6978125828318,490.78434274407124
2021-01-13,21:00:00,64.60719499801607,26.888928376708275,0.0,0.0,-631.8069787046406,491.7640375979465
2021-01-13,22:00:00,64.56030939492982,26.896905643728832,0.0,0.0,-626.870622425573,492.7330920896118
2021-01-13,23:00:00,64.51291808942315,26.904043006149276,0.0,0.0,-621.8876315497328,493.68634307226625
2021-01-14,00:00:00,64.66033247687196,26.98892100055051,0.0,0.0,-608.5911250172649,491.3615674234086
2021-01-14,01:00:00,64.61634213972684,27.011220484054373,0.0,0.0,-603.4388920066413,492.5511006108463
2021-01-14,02:00:00,64.57351623198768,27.028247821520004,0.0,0.0,-598.2326843272895,493.64925574645343
2021-01-14,03:00:00,64.53099011417005,27.04269974172068,0.0,0.0,-592.9745452308562,494.7006360751317
2021-01-14,04:00:00,64.48792351361945,27.056059530605886,0.0,0.0,-587.669343826361,495.7288570582367
2021-01-14,05:00:00,64.4444284561692,27.068062715993722,0.0,0.0,-582.315568296006,496.7282102733404
2021-01-14,06:00:00,64.40061838385505,27.078765834785102,0.0,0.0,-576.9116029569414,497.699069756093
2021-01-14,07:00:00,64.35773448913503,27.087098189410987,0.0,0.0,-571.4461353099905,498.62396192318135
2021-01-14,08:00:00,64.31559644892634,27.093261460225133,0.0,0.0,-565.9199612017255,499.50525098589736
2021-01-14,09:00:00,64.27549269975175,27.094997979149305,0.0,0.0,-560.3218686250038,500.3036874771564
2021-01-14,10:00:00,64.23540278771247,27.095278816148273,0.0,0.0,-554.665656517027,501.0658169085416
2021-01-14,11:00:00,64.1971628329998,27.0930918478193,0.0,0.0,-548.9353752785828,501.7783618206734
2021-01-14,12:00:00,64.40330023621866,27.21644669723399,0.0,0.0,-534.8356154791545,500.07688968895167
2021-01-14,13:00:00,64.36863213321023,27.225227426323958,0.0,0.0,-528.945312827127,500.9408917909171
2021-01-14,14:00:00,64.33536246554151,27.22962676456634,0.0,0.0,-522.992051885929,501.72208671789434
2021-01-14,15:00:00,64.30402674189986,27.229570489780862,0.0,0.0,-516.9685868229717,502.41859394722485
2021-01-14,16:00:00,64.27675327606836,27.223632760528965,0.0,0.0,-510.85545771801844,503.0111789446384
2021-01-14,17:00:00,64.255159639891,27.208856500803634,0.0,0.0,-504.6375121336896,503.4498361331151
2021-01-14,18:00:00,64.23663665134015,27.18994333190931,0.0,0.0,-498.32985397963785,503.8066181374809
2021-01-14,19:00:00,64.22066081383477,27.17130892763684,0.0,0.0,-491.9275844609365,504.1543087869198
2021-01-14,20:00:00,64.20818158361645,27.150075318122894,0.0,0.0,-485.42765591992065,504.4471675308969
2021-01-14,21:00:00,64.19917295441958,27.127152539789574,0.0,0.0,-478.82757174619474,504.69979009689433
2021-01-14,22:00:00,64.19388960988532,27.100258641688892,0.0,0.0,-472.12734306184575,504.8719905041889
2021-01-14,23:00:00,64.19216803075031,27.07199211109502,0.0,0.0,-465.320364393061,505.00429609940517
2021-01-15,00:00:00,64.19345544878331,27.041177460734527,0.0,0.0,-458.4178153940011,505.0778557373903
2021-01-15,01:00:00,64.19848894953522,27.007049769069027,0.0,0.0,-451.4117646506056,505.0801045342401
2021-01-15,02:00:00,64.20730551629734,26.969581326351182,0.0,0.0,-444.30097074015066,505.0096577115615
2021-01-15,03:00:00,64.21986813901758,26.928576269887316,0.0,0.0,-437.0849887044169,504.86158312877615
2021-01-15,04:00:00,64.2357931325183,26.884520292290397,0.0,0.0,-429.7672636779025,504.64285288672545
2021-01-15,05:00:00,64.25477474758578,26.83779587461387,0.0,0.0,-422.3506557322107,504.3587472750321
2021-01-15,06:00:00,64.27666907962197,26.78827159218966,0.0,0.0,-414.8363291863352,504.0051081042262
2021-01-15,07:00:00,64.30172007630426,26.735414609557633,0.0,0.0,-407.2220289965626,503.5724111431681
2021-01-15,08:00:00,64.32853638417897,26.681620107002082,0.0,0.0,-399.5222695618868,503.09940157833483
2021-01-15,09:00:00,64.35785434168376,26.625502368026552,0.0,0.0,-391.73068471974693,502.56322510283394
2021-01-15,10:00:00,64.38785214464396,26.568655113944033,0.0,0.0,-383.8672436589841,501.9854176420682
2021-01-15,11:00:00,64.41953535908048,26.511392668836365,0.0,0.0,-375.9214694269467,501.3749251164658
2021-01-15,12:00:00,64.4528863672026,26.454102565504197,0.0,0.0,-367.8937667538412,500.73742126193656
2021-01-15,13:00:00,64.48681555245885,26.400981002208653,0.0,0.0,-359.79411864094436,500.1429324501142
2021-01-15,14:00:00,64.52226958682368,26.348971067875414,0.0,0.0,-351.61563360644504,499.5394421821587
2021-01-15,15:00:00,64.55773262003595,26.29730827590183,0.0,0.0,-343.3803102802485,498.90977243806725
2021-01-15,16:00:00,64.59371462703326,26.24627814408983,0.0,0.0,-335.08741933852434,498.26604333928213
2021-01-15,17:00:00,64.63196268640128,26.194634079290754,0.0,0.0,-326.71806713263504,497.59175233084056
2021-01-15,18:00:00,64.6706075556664,26.143515716047965,0.0,0.0,-318.2971155901905,496.9028053967284
2021-01-15,19:00:00,64.70893736890993,26.094143090884906,0.0,0.0,-309.8379972956609,496.22427362491294
2021-01-15,20:00:00,64.74649268353465,26.04549991655469,0.0,0.0,-301.34831200772896,495.5352338883784
2021-01-15,21:00:00,64.60747876564135,25.755649287713144,0.0,0.0,-298.5823223933112,495.5128466905216
2021-01-15,22:00:00,64.65293611182958,25.701393148920825,0.0,0.0,-289.8405823695939,494.7156074748838
2021-01-15,23:00:00,64.69835876212687,25.647911578322528,0.0,0.0,-281.06605580914766,493.91935685454513
2021-01-16,00:00:00,64.74442944982059,25.59670141255664,0.0,0.0,-272.25396732240915,493.15987482692594
2021-01-16,01:00:00,64.79053795517767,25.54771750119398,0.0,0.0,-263.41547830728814,492.43814181960676
2021-01-16,02:00:00,64.83647274270687,25.49871477988447,0.0,0.0,-254.554425078677,491.71094491250227
2021-01-16,03:00:00,64.88260007151041,25.451508542271387,0.0,0.0,-245.66969420923851,491.0196142951026
2021-01-16,04:00:00,64.9290984790054,25.406132056748397,0.0,0.0,-236.76342667080462,490.3735653471431
2021-01-16,05:00:00,64.97622813497813,25.362421170683017,0.0,0.0,-227.83247253554873,489.77116494079036
2021-01-16,06:00:00,65.02425319705024,25.32070430366478,0.0,0.0,-218.8755405349657,489.2247394375225
2021-01-16,07:00:00,65.07406250620447,25.2808481625119,0.0,0.0,-209.8809734187089,488.73697111255524
2021-01-16,08:00:00,65.12621377373657,25.24216550117595,0.0,0.0,-200.8425584291108,488.30228042585804
2021-01-16,09:00:00,65.18193623938213,25.205444734407962,0.0,0.0,-191.74185844883323,487.93953688357243
2021-01-16,10:00:00,65.24256431753393,25.16577358176431,0.0,0.0,-182.55384392943233,487.5478961132225
2021-01-16,11:00:00,65.30953843497339,25.127920227987488,0.0,0.0,-173.25855807121843,487.2269498533524
2021-01-16,12:00:00,65.38277964277609,25.09637297204781,0.0,0.0,-163.8578516568523,487.06916526760483
2021-01-16,13:00:00,65.4607626633421,25.067538889742153,0.0,0.0,-154.3753127201926,487.0149488763599
2021-01-16,14:00:00,65.54496636555808,25.047892492657105,0.0,0.0,-144.7827578538563,487.17798261228756
2021-01-16,15:00:00,65.63437081686172,25.026836765694235,0.0,0.0,-135.0980521372985,487.37510148742524
2021-01-16,16:00:00,65.73067321145801,25.0115967269294,0.0,0.0,-125.29288994963281,487.7484304131587
2021-01-16,17:00:00,65.8355416536663,24.99848055208391,0.0,0.0,-115.33686853502877,488.2263491858898
2021-01-16,18:00:00,65.88869470266117,25.40487676475121,0.0,0.0,-105.00757793174125,491.3381716828139
2021-01-16,19:00:00,66.02172932280733,25.40479755078382,0.0,0.0,-94.68516671820544,492.215048899752
2021-01-16,20:00:00,66.17190820738612,25.40584249728847,0.0,0.0,-84.06727908621542,493.1817608544326
2021-01-16,21:00:00,66.33318892524481,25.416251268601343,0.0,0.0,-73.2466088491492,494.42658621928797
2021-01-16,22:00:00,66.51243108986024,25.435471756415076,0.0,0.0,-62.10846939962357,495.9318494662876
2021-01-16,23:00:00,66.53480809799952,25.76374732333016,0.0,0.0,-52.794228377053514,498.02990038029253
2021-01-17,00:00:00,66.75884912010123,25.806175655705434,0.0,0.0,-40.99941292544827,500.20791160371374
2021-01-17,01:00:00,67.04323764928027,25.870092066525444,0.0,0.0,-28.201234772335738,502.7742990491277
2021-01-17,02:00:00,67.10416215258431,26.187404985378492,0.0,0.0,-18.61664993944578,505.0992632549616
2021-01-17,03:00:00,67.4618071853169,26.325125373933073,0.0,0.0,-4.6902791182510555,509.1322049034477
2021-01-17,04:00:00,67.56575900804387,26.733741423657392,0.0,0.0,5.336053080525216,513.4060201421488
2021-01-17,05:00:00,67.7423056288561,27.28641760165088,0.0,0.0,16.32258503554166,520.3275741471426
2021-01-17,06:00:00,68.40534141232202,27.591848851042794,0.0,0.0,34.779793827146186,526.8694409248791
2021-01-17,07:00:00,68.87032064305562,28.230158019858433,0.0,0.0,49.76169944478344,534.6484005946165
2021-01-17,08:00:00,69.49994774532755,28.33441040606304,0.0,0.0,67.65450045780841,537.8277663037965
2021-01-17,09:00:00,69.93538388160606,28.90078486596717,0.0,0.0,81.81428327400992,544.4020765743257
2021-01-17,10:00:00,70.52137368230673,29.517092535237047,0.0,0.0,97.92939711555177,551.8184635235526
2021-01-17,11:00:00,71.08043899084142,29.582490838180185,0.0,0.0,114.63750259049276,554.697706826111
2021-01-17,12:00:00,71.6429129163499,30.04551109717833,0.0,0.0,129.92663266581658,558.8722505601312
2021-01-17,13:00:00,72.13489967560619,30.04730407534156,0.0,0.0,145.6559481907578,560.810824645839
2021-01-17,14:00:00,72.54277794029275,30.38796245100201,0.0,0.0,158.4041260921023,563.0404414742495
2021-01-17,15:00:00,73.00473513601386,30.380410823590786,0.0,0.0,173.85839357632415,565.464389457587
2021-01-17,16:00:00,73.37742639005057,30.670538890086213,0.0,0.0,185.99774629764423,567.4048538911679
2021-01-17,17:00:00,73.93468255318754,30.686310536687607,0.0,0.0,202.9596878646843,570.6168856634505
2021-01-17,18:00:00,74.34819845470477,30.960965904284773,0.0,0.0,215.56521996556845,572.7067680815068
2021-01-17,19:00:00,74.82783743705482,31.23768582383814,0.0,0.0,228.9419167824489,574.8996316034443
2021-01-17,20:00:00,75.59268809465419,31.481139706532808,0.0,0.0,246.48360316574994,577.2672782825457
2021-01-17,22:00:00,104.7044348438332,-26.48661553064245,0.0,0.0,648.5419706637385,-387.2852307605176
2021-01-17,23:00:00,104.69702108749406,-26.384527480783788,0.0,0.0,651.3901412897056,-384.1793157283553
2021-01-18,00:00:00,104.8377949466908,-26.3340748519396,0.0,0.0,662.8009388673617,-386.39483148398546
2021-01-18,01:00:00,104.85580868599008,-26.260025987099528,0.0,0.0,667.2845504935896,-384.76420983570017
2021-01-18,02:00:00,104.88265520761992,-26.202987099142955,0.0,0.0,672.2866102022252,-383.77220528125775
2021-01-18,03:00:00,104.92163123938437,-26.15723456293106,0.0,0.0,677.8020545565964,-383.2835631522731
2021-01-18,04:00:00,104.97364820840929,-26.1216853732717,0.0,0.0,683.8264304109821,-383.2659825047995
2021-01-18,05:00:00,105.03825628807897,-26.096817715933962,0.0,0.0,690.3386115432826,-383.7151278577296
2021-01-18,06:00:00,105.1159673306964,-26.082196242769914,0.0,0.0,697.2960645907136,-384.5947143996735
2021-01-18,07:00:00,105.20660118519193,-26.081113247836228,0.0,0.0,704.6655938351154,-385.9493829538263
2021-01-18,08:00:00,105.08530416681168,-26.0745334874106,0.0,0.0,703.9602714107068,-383.6853754655138
2021-01-18,09:00:00,105.19251940918505,-26.09361920778532,0.0,0.0,712.0616447099142,-385.8496947348608
2021-01-18,10:00:00,105.31599808816168,-26.13222031214821,0.0,0.0,720.477390562221,-388.5389700533588
2021-01-18,11:00:00,105.20767301336643,-26.150836370941324,0.0,0.0,720.709240491947,-387.34820677331766
2021-01-18,12:00:00,105.34985729849137,-26.217880705003186,0.0,0.0,729.651882723753,-390.88912242390387
2021-01-18,13:00:00,105.25059562206057,-26.254651974073866,0.0,0.0,730.3926827894956,-390.3655726476712
2021-01-18,14:00:00,105.41827779653,-26.357415740350987,0.0,0.0,739.7293735663596,-394.8132785666379
2021-01-18,15:00:00,105.32821051958997,-26.41232895123017,0.0,0.0,740.896884045447,-394.91124411129744
2021-01-18,16:00:00,105.24662240278579,-26.473800381517375,0.0,0.0,742.276992386811,-395.2531476406585
2021-01-18,17:00:00,105.16884152933183,-26.540036197850664,0.0,0.0,743.853410456921,-395.8114821305235
2021-01-18,18:00:00,105.36961808390687,-26.716018527675693,0.0,0.0,753.5672278302928,-401.9696405753476
2021-01-18,19:00:00,105.30039919301228,-26.807025414629855,0.0,0.0,755.3487572806878,-403.16686517177413
2021-01-18,20:00:00,105.23800620250024,-26.905222977227375,0.0,0.0,757.2478944869106,-404.5775345902201
2021-01-18,21:00:00,105.18116727628072,-27.017005655579325,0.0,0.0,759.203691833473,-406.29624982941266
2021-01-18,22:00:00,105.12263246402003,-27.1515281025233,0.0,0.0,761.0960699696451,-408.4551006990538
2021-01-18,23:00:00,105.0649617060391,-27.30209008383194,0.0,0.0,762.9679038350173,-410.9416651395239
2021-01-19,00:00:00,105.31049508423122,-27.67667538142307,0.0,0.0,771.5630628813045,-420.6034897315678
2021-01-19,01:00:00,105.25955194730888,-27.873209425741983,0.0,0.0,773.1659153403608,-423.9193542048156
2021-01-19,02:00:00,105.20941195372109,-28.09553776959929,0.0,0.0,774.6447355309804,-427.7021308353679
2021-01-19,03:00:00,105.15737264901134,-28.340025179878214,0.0,0.0,775.9971180740224,-431.88865532580985
2021-01-19,04:00:00,105.1069213132689,-28.615053305862777,0.0,0.0,777.1798758996136,-436.61074350730405
2021-01-19,05:00:00,105.0550823849195,-28.9241242067317,0.0,0.0,778.1306060126443,-441.9119152548559
2021-01-19,06:00:00,104.99949386351977,-29.293035112553902,0.0,0.0,778.6240712608379,-448.1771615286357
2021-01-19,07:00:00,104.59062143821575,-29.458858493768787,0.0,0.0,773.2900472021164,-447.97428134624823
2021-01-19,08:00:00,104.5030788309442,-30.041421082420115,0.0,0.0,772.0223938796787,-457.49346176146275
2021-01-19,09:00:00,104.40331734042549,-30.89599865701935,0.0,0.0,767.8542019391751,-470.7155234971681
2021-01-19,10:00:00,104.41213655343877,-32.02072287250189,0.0,0.0,761.2405600209117,-487.56874845978007
2021-01-19,11:00:00,108.75340609403041,-37.990957590307964,0.0,0.0,734.1548803391526,-580.5058801035188
2021-01-19,12:00:00,110.73766676601691,-37.65136792808533,0.0,0.0,748.6123766061618,-579.4599067998803
2021-01-19,13:00:00,111.38421127246114,-38.23109584663439,0.0,0.0,742.1315724662533,-584.9601470253378
2021-01-19,14:00:00,111.5361949512212,-38.38352237587022,0.0,0.0,747.0198253259894,-591.0827135482953
2021-01-19,18:00:00,156.6601328903068,30.51689226092055,0.0,0.0,nan,nan
2021-01-19,19:00:00,156.7375061816517,30.100670918552773,0.0,0.0,nan,nan
2021-01-19,20:00:00,156.6917466057247,29.875119323285386,0.0,0.0,nan,nan
2021-01-19,21:00:00,156.60897928726428,29.744124121745532,0.0,0.0,nan,nan
2021-01-19,22:00:00,156.63415992693757,29.512275360907868,0.0,0.0,nan,nan
2021-01-19,23:00:00,156.52873130644687,29.44461116450852,0.0,0.0,nan,nan
2021-01-20,00:00:00,156.51931693250035,29.29309041866632,0.0,0.0,nan,nan
2021-01-20,01:00:00,156.41686680433602,29.22687887976725,0.0,0.0,nan,nan
2021-01-20,02:00:00,156.39432283805664,29.12406483014472,0.0,0.0,nan,nan
2021-01-20,03:00:00,156.26960105717754,29.05786611562391,0.0,0.0,nan,nan
2021-01-20,04:00:00,156.23583457341127,28.976750873222855,0.0,0.0,nan,nan
2021-01-20,05:00:00,156.19821718964675,28.910708336737834,0.0,0.0,nan,nan
2021-01-20,06:00:00,156.15802646695502,28.855573832983296,0.0,0.0,nan,nan
2021-01-20,07:00:00,156.06534585484607,28.781248694197433,0.0,0.0,nan,nan
2021-01-20,08:00:00,156.03067658832845,28.73278242339957,0.0,0.0,nan,nan
2021-01-20,09:00:00,155.99315645610486,28.689849586442826,0.0,0.0,nan,nan
2021-01-20,10:00:00,155.95336036011417,28.650538458145768,0.0,0.0,nan,nan
2021-01-20,11:00:00,155.9125033519123,28.61318363773604,0.0,0.0,nan,nan
2021-01-20,12:00:00,155.8729422377413,28.534244151578402,0.0,0.0,nan,nan
2021-01-20,13:00:00,155.84122563071,28.5025546329168,0.0,0.0,nan,nan
2021-01-20,14:00:00,155.8110820858994,28.47393078544029,0.0,0.0,nan,nan
2021-01-20,15:00:00,155.78175326361787,28.448209065027594,0.0,0.0,nan,nan
2021-01-20,16:00:00,155.75440111169365,28.425431391647276,0.0,0.0,nan,nan
2021-01-20,17:00:00,155.7300080355896,28.405390618380505,0.0,0.0,nan,nan
2021-01-20,18:00:00,155.70859199755802,28.388072367685403,0.0,0.0,nan,nan
2021-01-20,19:00:00,155.69012297483437,28.37351858974421,0.0,0.0,nan,nan
2021-01-20,20:00:00,155.67374974840595,28.36127355640535,0.0,0.0,nan,nan
2021-01-20,21:00:00,155.72619141202804,28.313609877049892,0.0,0.0,nan,nan
2021-01-20,22:00:00,155.71655542294275,28.308549494594725,0.0,0.0,nan,nan
2021-01-20,23:00:00,155.70935160721413,28.305532616464944,0.0,0.0,nan,nan
2021-01-21,00:00:00,155.7042420021113,28.30432905112756,0.0,0.0,nan,nan
2021-01-21,01:00:00,155.70120389232062,28.304951641758908,0.0,0.0,nan,nan
2021-01-21,02:00:00,155.70020425394756,28.307374048255234,0.0,0.0,nan,nan
2021-01-21,03:00:00,155.7009679609754,28.311452278304976,0.0,0.0,nan,nan
2021-01-21,04:00:00,155.70355336719476,28.317160895509204,0.0,0.0,nan,nan
2021-01-21,05:00:00,155.70796598665254,28.324466066524668,0.0,0.0,nan,nan
2021-01-21,06:00:00,155.71394777091984,28.333293519983567,0.0,0.0,nan,nan
2021-01-21,07:00:00,155.7215845970782,28.343598229189638,0.0,0.0,nan,nan
2021-01-21,08:00:00,155.730916524688,28.355282741268642,0.0,0.0,nan,nan
2021-01-21,09:00:00,155.7419498404588,28.368384613291834,0.0,0.0,nan,nan
2021-01-21,10:00:00,155.75466325616102,28.382911462784552,0.0,0.0,nan,nan
2021-01-21,11:00:00,155.76901512757428,28.39877500654265,0.0,0.0,nan,nan
2021-01-21,12:00:00,155.785050111263,28.416012301510804,0.0,0.0,nan,nan
2021-01-21,13:00:00,155.80272699541115,28.43460497701071,0.0,0.0,nan,nan
2021-01-21,14:00:00,155.82178479208076,28.45439989040881,0.0,0.0,nan,nan
2021-01-21,15:00:00,155.84224592629994,28.475464822167687,0.0,0.0,nan,nan
2021-01-21,16:00:00,155.86421470848876,28.49786964900475,0.0,0.0,nan,nan
2021-01-21,17:00:00,155.88725326038457,28.521488842635158,0.0,0.0,nan,nan
2021-01-21,18:00:00,155.91136976962972,28.546266417201103,0.0,0.0,nan,nan
2021-01-21,19:00:00,155.93679477367087,28.57223469989436,0.0,0.0,nan,nan
2021-01-21,20:00:00,155.9620855523993,28.59811793090826,0.0,0.0,nan,nan
2021-01-21,21:00:00,155.98824959174144,28.624914577828484,0.0,0.0,nan,nan
2021-01-21,22:00:00,156.01415451775145,28.652328261667336,0.0,0.0,nan,nan
2021-01-21,23:00:00,156.0396276149638,28.680491291686014,0.0,0.0,nan,nan
2021-01-22,00:00:00,156.06486631965063,28.709436421926423,0.0,0.0,nan,nan
2021-01-22,01:00:00,156.08969051477584,28.739303420044514,0.0,0.0,nan,nan
2021-01-22,02:00:00,156.15126718060537,28.810068818025258,0.0,0.0,nan,nan
2021-01-22,03:00:00,156.17914756806505,28.838641247899222,0.0,0.0,nan,nan
2021-01-22,04:00:00,156.2062218819603,28.867983485900776,0.0,0.0,nan,nan
2021-01-22,05:00:00,156.23274510428223,28.898525593770454,0.0,0.0,nan,nan
2021-01-22,06:00:00,156.25870054162453,28.930707068625324,0.0,0.0,nan,nan
2021-01-22,07:00:00,156.28424658015118,28.965283497809946,0.0,0.0,nan,nan
2021-01-22,08:00:00,156.3096882229815,29.002617275360173,0.0,0.0,nan,nan
2021-01-22,09:00:00,156.3348183011865,29.043126383224507,0.0,0.0,nan,nan
2021-01-22,10:00:00,156.35875198282602,29.087772866238943,0.0,0.0,nan,nan
2021-01-22,11:00:00,156.44960647284734,29.119145255369553,0.0,0.0,nan,nan
2021-01-22,12:00:00,156.47776952460828,29.162125905675747,0.0,0.0,nan,nan
2021-01-22,13:00:00,156.49809920982977,29.20921707483962,0.0,0.0,nan,nan
2021-01-22,14:00:00,156.51100345621754,29.266996569904947,0.0,0.0,nan,nan
2021-01-22,15:00:00,156.518877114711,29.333989635839117,0.0,0.0,nan,nan
2021-01-22,16:00:00,156.5252391771849,29.409430208584148,0.0,0.0,nan,nan
2021-01-22,17:00:00,156.6222226610983,29.400505748993673,0.0,0.0,nan,nan
2021-01-22,18:00:00,156.63746068998307,29.47589980555249,0.0,0.0,nan,nan
2021-01-22,19:00:00,156.6435300371847,29.565961039712338,0.0,0.0,nan,nan
2021-01-22,20:00:00,156.63671634592157,29.67143304411232,0.0,0.0,nan,nan
2021-01-22,21:00:00,156.74022376963552,29.633643443250914,0.0,0.0,nan,nan
2021-01-22,22:00:00,156.73683061602486,29.756678808447614,0.0,0.0,nan,nan
2021-01-22,23:00:00,156.70608263311317,29.92336287364149,0.0,0.0,nan,nan
2021-01-23,00:00:00,156.81918639813705,29.87631360436914,0.0,0.0,nan,nan
2021-01-23,01:00:00,156.7741117274654,30.110503026820123,0.0,0.0,nan,nan
2021-01-23,02:00:00,156.676538240939,30.379037715628144,0.0,0.0,nan,nan
2021-01-23,03:00:00,156.80388223431402,30.407483812407854,0.0,0.0,nan,nan
2021-01-23,04:00:00,156.60357048254588,30.77582843202798,0.0,0.0,nan,nan
2021-01-23,05:00:00,156.28821751388332,31.218991011501807,0.0,0.0,nan,nan
2021-01-23,06:00:00,155.8265181933212,31.663456425060662,0.0,0.0,nan,nan
2021-01-23,07:00:00,155.3238768970377,32.117359666034105,0.0,0.0,nan,nan
2021-01-23,08:00:00,154.85898649298713,32.51442762372645,0.0,0.0,nan,nan
2021-01-23,09:00:00,154.30653877568244,33.08897747894384,0.0,0.0,nan,nan
2021-01-23,10:00:00,153.4400226845674,33.820154624091174,0.0,0.0,nan,nan
2021-01-23,11:00:00,152.62185444172604,35.07524665243619,0.0,0.0,nan,nan
2021-01-23,12:00:00,150.74561027242314,36.26358061616898,0.0,0.0,nan,nan
2021-01-23,13:00:00,150.65945724036206,61.979692059527444,0.0,0.0,nan,nan
2021-01-23,14:00:00,150.7912280914919,62.37622616322149,0.0,0.0,nan,nan
2021-01-23,15:00:00,150.81818044288335,62.483336367187576,0.0,0.0,nan,nan
2021-01-23,16:00:00,150.74278548080338,62.850101076269944,0.0,0.0,nan,nan
2021-01-23,17:00:00,150.68852087762505,62.82251815929016,0.0,0.0,nan,nan
2021-01-23,18:00:00,150.61253651751085,63.130859767190685,0.0,0.0,nan,nan
2021-01-23,19:00:00,150.56063886925864,63.43419965995863,0.0,0.0,nan,nan
2021-01-23,20:00:00,150.52061351455387,63.736853531187265,0.0,0.0,nan,nan
2021-01-23,21:00:00,150.4725515470044,64.0394638973316,0.0,0.0,nan,nan
2021-01-23,22:00:00,150.38397440252928,64.3592766631947,0.0,0.0,nan,nan
2021-01-23,23:00:00,150.21637655512907,64.72999729966406,0.0,0.0,nan,nan
2021-01-24,00:00:00,150.38756062396192,65.76345822102992,0.0,0.0,nan,nan
2021-01-24,01:00:00,150.0666009101998,66.22384768093657,0.0,0.0,nan,nan
2021-01-24,02:00:00,149.67963737262738,66.63449931816882,0.0,0.0,nan,nan
2021-01-24,03:00:00,149.2324192521347,67.00374885776459,0.0,0.0,nan,nan
2021-01-24,04:00:00,148.7422655976709,67.36228515622996,0.0,0.0,nan,nan
2021-01-24,05:00:00,148.1652880880287,67.7326356017849,0.0,0.0,nan,nan
2021-01-24,06:00:00,147.05955588720246,67.6603741502111,0.0,0.0,nan,nan
2021-01-24,07:00:00,146.08157004195058,68.19992186552815,0.0,0.0,nan,nan
2021-01-24,08:00:00,144.64486547794306,68.68221419778752,0.0,0.0,nan,nan
2021-01-24,09:00:00,143.46234444420222,68.31133120736263,0.0,0.0,nan,nan
2021-01-24,10:00:00,142.23959914789995,68.46759423292137,0.0,0.0,nan,nan
2021-01-24,11:00:00,141.02947644911384,68.49205561524344,0.0,0.0,nan,nan
2021-01-24,12:00:00,139.73604123347812,68.41328398011706,0.0,0.0,nan,nan
2021-01-24,13:00:00,138.46670989556276,68.27892831990049,0.0,0.0,nan,nan
2021-01-24,14:00:00,137.32067174568652,68.16912293459602,0.0,0.0,nan,nan
2021-01-24,15:00:00,136.3170936496002,68.52315461649918,0.0,0.0,nan,nan
2021-01-24,16:00:00,134.85649845498014,68.46609785772277,0.0,0.0,nan,nan
2021-01-24,17:00:00,132.92969544078616,68.45839503811966,0.0,0.0,nan,nan
2021-01-24,18:00:00,131.27963486762275,68.3726138100025,0.0,0.0,nan,nan
2021-01-25,09:00:00,105.40544845454403,-26.673405192790717,0.0,0.0,nan,nan
2021-01-25,10:00:00,105.29545864167662,-26.58511525926678,0.0,0.0,nan,nan
2021-01-25,11:00:00,105.49002648798385,-26.60582763971706,0.0,0.0,nan,nan
2021-01-25,12:00:00,105.40512944136375,-26.53207266473786,0.0,0.0,nan,nan
2021-01-25,13:00:00,105.32845079334692,-26.467255390852294,0.0,0.0,nan,nan
2021-01-25,14:00:00,105.25596057357367,-26.411553592570584,0.0,0.0,nan,nan
2021-01-25,15:00:00,105.46727727171921,-26.42328628418408,0.0,0.0,nan,nan
2021-01-25,16:00:00,105.39695304061746,-26.367003267470093,0.0,0.0,nan,nan
2021-01-25,17:00:00,105.33344612902218,-26.315051312109446,0.0,0.0,nan,nan
2021-01-25,18:00:00,105.2720045507361,-26.26879650862093,0.0,0.0,nan,nan
2021-01-25,19:00:00,105.48703173465643,-26.274788651614784,0.0,0.0,nan,nan
2021-01-25,20:00:00,105.42684822020223,-26.227211186722787,0.0,0.0,nan,nan
2021-01-25,21:00:00,105.37105070463824,-26.18439930818281,0.0,0.0,nan,nan
2021-01-25,22:00:00,105.3180389474225,-26.145872088127735,0.0,0.0,nan,nan
2021-01-25,23:00:00,105.53493477860509,-26.154842230468194,0.0,0.0,nan,nan
2021-01-26,00:00:00,105.48200125344461,-26.114898229830374,0.0,0.0,nan,nan
2021-01-26,01:00:00,105.4309043285334,-26.0789826216345,0.0,0.0,nan,nan
2021-01-26,02:00:00,105.38376651479129,-26.046958341369663,0.0,0.0,nan,nan
2021-01-26,03:00:00,105.33919660487702,-26.018024093889622,0.0,0.0,nan,nan
2021-01-26,04:00:00,105.29461922768292,-25.99367515001581,0.0,0.0,nan,nan
2021-01-26,05:00:00,105.50928894492849,-25.998233168967726,0.0,0.0,nan,nan
2021-01-26,06:00:00,105.46679707903483,-25.971299871448327,0.0,0.0,nan,nan
2021-01-26,07:00:00,105.42528902483701,-25.948004825138206,0.0,0.0,nan,nan
2021-01-26,08:00:00,105.38774395684587,-25.928084453327074,0.0,0.0,nan,nan
2021-01-26,09:00:00,105.35287819140032,-25.910096619547303,0.0,0.0,nan,nan
2021-01-26,10:00:00,105.3203367656345,-25.894989073295495,0.0,0.0,nan,nan
2021-01-26,11:00:00,105.29018079537828,-25.88366933487034,0.0,0.0,nan,nan
2021-01-26,12:00:00,105.507641547415,-25.890710222019685,0.0,0.0,nan,nan
2021-01-26,13:00:00,105.48652806228942,-25.878281277224566,0.0,0.0,nan,nan
2021-01-26,14:00:00,105.47817085802795,-25.86995218662366,0.0,0.0,nan,nan
2021-01-27,03:00:00,80.71650962863356,36.86321523294794,0.0,0.0,nan,nan
2021-01-27,04:00:00,78.42757894608097,34.70184452455815,0.0,0.0,nan,nan
2021-01-27,05:00:00,78.96675074791715,34.52440230225108,0.0,0.0,nan,nan
2021-01-27,06:00:00,79.0330112868362,34.22624528454161,0.0,0.0,nan,nan
2021-01-27,07:00:00,79.12017359032002,34.01573181369979,0.0,0.0,nan,nan
2021-01-27,08:00:00,79.22291681055178,33.84517126561662,0.0,0.0,nan,nan
2021-01-27,09:00:00,78.9070159508484,33.42710145234307,0.0,0.0,nan,nan
2021-01-27,10:00:00,79.03213356814322,33.34257242982083,0.0,0.0,nan,nan
2021-01-27,11:00:00,79.15343161326948,33.2736173743506,0.0,0.0,nan,nan
2021-01-27,12:00:00,78.89124056694277,32.966926378778936,0.0,0.0,nan,nan
2021-01-27,13:00:00,79.00911316434481,32.95106177537882,0.0,0.0,nan,nan
2021-01-27,14:00:00,79.12725340917659,32.93083069691737,0.0,0.0,nan,nan
2021-01-27,15:00:00,78.8831235360751,32.71305497086119,0.0,0.0,nan,nan
2021-01-27,16:00:00,78.99497543809416,32.709621844254364,0.0,0.0,nan,nan
2021-01-27,17:00:00,78.76568120926643,32.56031475520161,0.0,0.0,nan,nan
2021-01-27,18:00:00,78.8709935588086,32.560648926985436,0.0,0.0,nan,nan
2021-01-27,19:00:00,78.65739622045837,32.435450865722764,0.0,0.0,nan,nan
2021-01-27,20:00:00,78.47095223209897,32.321536144045055,0.0,0.0,nan,nan
2021-01-27,21:00:00,78.55650389599613,32.31914538304867,0.0,0.0,nan,nan
2021-01-27,22:00:00,78.37852299249552,32.230015787524366,0.0,0.0,nan,nan
2021-01-27,23:00:00,78.45168535464357,32.21638001213259,0.0,0.0,nan,nan
2021-01-28,00:00:00,78.26703488935992,32.160991337649456,0.0,0.0,nan,nan
2021-01-28,01:00:00,78.09868442400877,32.11939539225237,0.0,0.0,nan,nan
2021-01-28,02:00:00,78.13865547441827,32.09862474115992,0.0,0.0,nan,nan
2021-01-28,03:00:00,77.96788213492285,32.06723666042119,0.0,0.0,nan,nan
2021-01-28,04:00:00,77.80005441230472,32.04848452759866,0.0,0.0,nan,nan
2021-01-28,05:00:00,77.81871941645876,31.996386497613425,0.0,0.0,nan,nan
2021-01-28,06:00:00,77.64057961227141,31.985519368086305,0.0,0.0,nan,nan
2021-01-28,07:00:00,77.46362707432654,31.98232281145275,0.0,0.0,nan,nan
2021-01-28,08:00:00,77.28969232635176,31.98487081054443,0.0,0.0,nan,nan
2021-01-28,09:00:00,77.28166509957204,31.88761793922158,0.0,0.0,nan,nan
2021-01-28,10:00:00,77.09967132729652,31.89000483986359,0.0,0.0,nan,nan
2021-01-28,11:00:00,76.92042264702262,31.896051806440894,0.0,0.0,nan,nan
2021-01-28,12:00:00,76.74726176690434,31.90766490692247,0.0,0.0,nan,nan
2021-01-28,13:00:00,76.70946540338558,31.75606729275675,0.0,0.0,nan,nan
2021-01-28,14:00:00,76.52265010832386,31.762566883248436,0.0,0.0,nan,nan
2021-01-28,15:00:00,76.33997198303484,31.771971808286903,0.0,0.0,nan,nan
2021-01-28,16:00:00,76.15902491966217,31.78424271651913,0.0,0.0,nan,nan
2021-01-28,17:00:00,75.98473615597405,31.799354035108035,0.0,0.0,nan,nan
2021-01-28,18:00:00,75.88129518008597,31.575187259464737,0.0,0.0,nan,nan
2021-01-28,19:00:00,75.65488041706297,31.563252664217746,0.0,0.0,nan,nan
2021-01-28,20:00:00,75.40797968753508,31.543567467313714,0.0,0.0,nan,nan
2021-01-28,21:00:00,75.14257091865461,31.516599805763096,0.0,0.0,nan,nan
2021-01-28,22:00:00,74.86887091910522,31.482274104117515,0.0,0.0,nan,nan
2021-01-28,23:00:00,74.62305042869006,31.441941903189868,0.0,0.0,nan,nan
2021-01-29,00:00:00,74.67207929646106,31.25896472874304,0.0,0.0,nan,nan
2021-01-29,01:00:00,74.45422358652272,31.233781413742097,0.0,0.0,nan,nan
2021-01-29,02:00:00,74.24411631717112,31.208724299913982,0.0,0.0,nan,nan
2021-01-29,03:00:00,74.04113230949181,31.18483478573204,0.0,0.0,nan,nan
2021-01-29,04:00:00,73.84745973397634,31.163850159072304,0.0,0.0,nan,nan
2021-01-29,05:00:00,73.88833128988132,30.97415597011452,0.0,0.0,nan,nan
2021-01-29,06:00:00,73.70521891188407,30.96358499578776,0.0,0.0,nan,nan
2021-01-29,07:00:00,73.53363205433499,30.956014714945237,0.0,0.0,nan,nan
2021-01-29,08:00:00,73.37171606435828,30.950294753099428,0.0,0.0,nan,nan
2021-01-29,09:00:00,73.21781992211189,30.94565138270914,0.0,0.0,nan,nan
2021-01-29,10:00:00,73.07068322646303,30.94144890962321,0.0,0.0,nan,nan
2021-01-29,11:00:00,73.03273296673025,30.703382590360185,0.0,0.0,nan,nan
2021-01-29,12:00:00,72.87469703425907,30.69939722053185,0.0,0.0,nan,nan
2021-01-29,13:00:00,72.7230634732739,30.698607508501187,0.0,0.0,nan,nan
2021-01-29,14:00:00,72.57861596689057,30.699176220109795,0.0,0.0,nan,nan
2021-01-29,15:00:00,72.44059127480735,30.699778187838735,0.0,0.0,nan,nan
2021-01-29,16:00:00,72.30866152205986,30.69962631275257,0.0,0.0,nan,nan
2021-01-29,17:00:00,72.18562514415085,30.698392961841098,0.0,0.0,nan,nan
2021-01-29,18:00:00,72.03572116352386,30.40180805346344,0.0,0.0,nan,nan
2021-01-29,19:00:00,71.8811093857165,30.400539618129912,0.0,0.0,nan,nan
2021-01-29,20:00:00,71.71196003773616,30.40092364430023,0.0,0.0,nan,nan
2021-01-29,21:00:00,71.54088727380973,30.401735527851713,0.0,0.0,nan,nan
2021-01-29,22:00:00,71.3687157994616,30.403645460293298,0.0,0.0,nan,nan
2021-01-29,23:00:00,71.19586304707593,30.406287260957278,0.0,0.0,nan,nan
2021-01-30,00:00:00,71.02340304286564,30.409851275051658,0.0,0.0,nan,nan
2021-01-30,01:00:00,70.86085773215241,30.411194390678816,0.0,0.0,nan,nan
2021-01-30,02:00:00,70.69578819692633,30.41022492456902,0.0,0.0,nan,nan
2021-01-30,03:00:00,70.52866582074502,30.407989567344856,0.0,0.0,nan,nan
2021-01-30,04:00:00,70.30237309126314,29.962343099225855,0.0,0.0,nan,nan
2021-01-30,05:00:00,70.11813445768142,29.94620985855772,0.0,0.0,nan,nan
2021-01-30,06:00:00,69.92741401074257,29.92580470992901,0.0,0.0,nan,nan
2021-01-30,07:00:00,69.72148738167984,29.896558853150584,0.0,0.0,nan,nan
2021-01-30,08:00:00,69.50788938547456,29.863641970605038,0.0,0.0,nan,nan
2021-01-30,09:00:00,69.28675327809704,29.82498977422836,0.0,0.0,nan,nan
2021-01-30,10:00:00,69.05884087008518,29.779657705375985,0.0,0.0,nan,nan
2021-01-30,11:00:00,68.78811866143475,29.719486979083516,0.0,0.0,nan,nan
2021-01-30,12:00:00,68.65864496263333,29.19845339552261,0.0,0.0,nan,nan
2021-01-30,13:00:00,68.42609945570268,29.135087772197682,0.0,0.0,nan,nan
2021-01-30,14:00:00,68.19575891937028,29.065569666959284,0.0,0.0,nan,nan
2021-01-30,15:00:00,67.96851880697231,28.9918473959388,0.0,0.0,nan,nan
2021-01-30,16:00:00,67.74930166097984,28.916720852292865,0.0,0.0,nan,nan
2021-01-30,17:00:00,67.54327977298138,28.84360288925748,0.0,0.0,nan,nan
2021-01-30,18:00:00,67.35122880052424,28.77337870900064,0.0,0.0,nan,nan
2021-01-30,19:00:00,67.46076697649136,28.401182940175726,0.0,0.0,nan,nan
2021-01-30,20:00:00,67.29733066670275,28.34260472768051,0.0,0.0,nan,nan
2021-01-30,21:00:00,67.14269048344207,28.282247955890487,0.0,0.0,nan,nan
2021-01-30,22:00:00,66.99556654134814,28.22102389021815,0.0,0.0,nan,nan
2021-01-30,23:00:00,66.86028571853905,28.164207912430456,0.0,0.0,nan,nan
